x
-1.000000000000000 1.000000000000000
1 0.6760000109672546 108.8619995117188
2 0.7170000076293945 105.2029998779297
3 0.7233333428700766 103.7093327840169
4 0.7365000098943710 99.99399948120117
5 0.6888545536840183 109.2902612588727
6 0.7131817958271404 104.2343124391220
7 0.7350627509594232 100.4014819024852
8 0.7585038252739909 97.30083769520742
9 0.000000000000000 98.11223964326950
10 0.000000000000000 100.0000000000000
11 -100.0000000000000 0.000000000000000
12 0.02018669134563753 10.80175224191853
13 0.02745361717302284 9.594920865555112
14 0.03214117507944789 7.770351656239869
15 14.29524158023371 92.57900861938306
16 23.75928200042980 84.57308268380285
17 -333.3333333333333 333.3333333333333
18 -522.3887413133501 578.3716186973421
19 -40.80793608361255 67.48386506111390
20 -41.73809687296549 81.48148447942886
21 -52.22569556780152 102.1019738793473
22 -56.67731389730810 115.5251051892076
23 0.7218571494991637 106.8509628301434
